Running simulation with following parameters:
  Number of neurons   : 3000
  Numger of neighbours: 1000
  Simulation time     : 20 seconds (200000 time steps)
  Transient time      : 10 seconds (100000 time steps)
  dt                  : 1.0e-04 seconds 
  mu                  : 1.000000000000000
  uth                 : 0.980000000000000
  s_min               : 0.700000000000000
  s_max               : 0.700000000000000
0	0.000000
1	0.000985
2	0.041631
3	0.176643
4	0.364602
5	0.091331
6	0.092298
7	0.487217
8	0.526750
9	0.454433
10	0.233178
11	0.831292
12	0.931731
13	0.568060
14	0.556094
15	0.050832
16	0.767051
17	0.018915
18	0.252360
19	0.298197
20	0.875981
21	0.531557
22	0.920261
23	0.515431
24	0.810429
25	0.188420
26	0.886314
27	0.570614
28	0.076775
29	0.815274
30	0.984891
31	0.118352
32	0.893906
33	0.784484
34	0.100916
35	0.253311
36	0.019842
37	0.378377
38	0.678877
39	0.680923
40	0.752707
41	0.006229
42	0.624407
43	0.126462
44	0.617550
45	0.770928
46	0.186536
47	0.496722
48	0.509500
49	0.315939
50	0.701703
51	0.367247
52	0.876312
53	0.370995
54	0.525252
55	0.427835
56	0.542743
57	0.667979
58	0.171142
59	0.830779
60	0.861905
61	0.769221
62	0.052579
63	0.966730
64	0.334284
65	0.082097
66	0.270315
67	0.074262
68	0.676226
69	0.810159
70	0.464211
71	0.569185
72	0.512203
73	0.586510
74	0.738759
75	0.871689
76	0.577967
77	0.964704
78	0.333529
79	0.392828
80	0.176928
81	0.111869
82	0.852681
83	0.811172
84	0.954887
85	0.904283
86	0.138915
87	0.686187
88	0.126987
89	0.004090
90	0.000503
91	0.192952
92	0.586780
93	0.374959
94	0.026786
95	0.464765
96	0.785343
97	0.442235
98	0.287904
99	0.853353
100	0.525972
101	0.728417
102	0.266314
103	0.783484
104	0.468044
105	0.196997
106	0.447177
107	0.728440
108	0.966093
109	0.756841
110	0.466057
111	0.868966
112	0.134039
113	0.846053
114	0.018088
115	0.940855
116	0.670082
117	0.799972
118	0.143217
119	0.610460
120	0.908283
121	0.774415
122	0.366065
123	0.944288
124	0.884822
125	0.445171
126	0.163028
127	0.424817
128	0.479854
129	0.031128
130	0.608430
131	0.792261
132	0.182497
133	0.525121
134	0.898759
135	0.308790
136	0.942626
137	0.388025
138	0.930512
139	0.911384
140	0.337718
141	0.532812
142	0.702077
143	0.971011
144	0.768085
145	0.751941
146	0.090864
147	0.853967
148	0.174644
149	0.019770
150	0.419054
151	0.296370
152	0.378232
153	0.418716
154	0.138448
155	0.380847
156	0.299780
157	0.021012
158	0.238803
159	0.037109
160	0.221059
161	0.525435
162	0.494525
163	0.882522
164	0.773830
165	0.059002
166	0.119801
167	0.547801
168	0.341916
169	0.456812
170	0.588122
171	0.585150
172	0.069927
173	0.818931
174	0.403161
175	0.585483
176	0.191161
177	0.892277
178	0.176332
179	0.207704
180	0.115748
181	0.158915
182	0.992644
183	0.681571
184	0.811796
185	0.642215
186	0.329342
187	0.737553
188	0.823483
189	0.721261
190	0.657982
191	0.358774
192	0.610365
193	0.415004
194	0.814954
195	0.773965
196	0.274311
197	0.044742
198	0.601041
199	0.514091
200	0.630215
201	0.180893
202	0.278501
203	0.452489
204	0.642986
205	0.742832
206	0.413655
207	0.618052
208	0.618289
209	0.854436
210	0.181457
211	0.307928
212	0.023328
213	0.009182
214	0.951453
215	0.990755
216	0.204940
217	0.604093
218	0.935652
219	0.559567
220	0.546866
221	0.439128
222	0.449752
223	0.306805
224	0.200814
225	0.215800
226	0.049896
227	0.209561
228	0.574563
229	0.914820
230	0.415610
231	0.654159
232	0.355701
233	0.586702
234	0.391946
235	0.033850
236	0.285516
237	0.091604
238	0.444385
239	0.925937
240	0.921284
241	0.605927
242	0.861146
243	0.014717
244	0.686701
245	0.844568
246	0.129647
247	0.059656
248	0.013072
249	0.391159
250	0.865676
251	0.015057
252	0.924289
253	0.886719
254	0.662069
255	0.654911
256	0.076340
257	0.092977
258	0.003252
259	0.526670
260	0.789756
261	0.654019
262	0.545893
263	0.798389
264	0.726753
265	0.253315
266	0.255246
267	0.138354
268	0.482949
269	0.467587
270	0.100876
271	0.504214
272	0.858395
273	0.010048
274	0.821570
275	0.964318
276	0.019459
277	0.929619
278	0.063080
279	0.037962
280	0.190257
281	0.276666
282	0.447314
283	0.649382
284	0.151123
285	0.487155
286	0.649658
287	0.534280
288	0.356802
289	0.394116
290	0.721992
291	0.724702
292	0.306141
293	0.106581
294	0.910780
295	0.740914
296	0.239058
297	0.651344
298	0.368411
299	0.026181
300	0.849258
301	0.041816
302	0.056121
303	0.426039
304	0.479733
305	0.501694
306	0.980527
307	0.607505
308	0.912656
309	0.750416
310	0.713813
311	0.971132
312	0.029212
313	0.264289
314	0.018311
315	0.080676
316	0.154636
317	0.114352
318	0.756538
319	0.938249
320	0.128804
321	0.592612
322	0.122524
323	0.599178
324	0.065873
325	0.256026
326	0.412451
327	0.948387
328	0.353495
329	0.016996
330	0.973425
331	0.762359
332	0.861975
333	0.405130
334	0.867867
335	0.036761
336	0.208479
337	0.423333
338	0.984823
339	0.564353
340	0.576262
341	0.468223
342	0.464160
343	0.761121
344	0.302084
345	0.417257
346	0.098524
347	0.136846
348	0.698138
349	0.180448
350	0.893077
351	0.730879
352	0.302287
353	0.141218
354	0.824100
355	0.442203
356	0.590112
357	0.977622
358	0.502689
359	0.897659
360	0.724808
361	0.261282
362	0.455035
363	0.261958
364	0.960489
365	0.016931
366	0.940439
367	0.901961
368	0.097871
369	0.521122
370	0.084702
371	0.795402
372	0.868910
373	0.095782
374	0.880272
375	0.006006
376	0.202012
377	0.472639
378	0.644231
379	0.933968
380	0.098426
381	0.570898
382	0.507583
383	0.659436
384	0.892915
385	0.735755
386	0.689250
387	0.809339
388	0.240409
389	0.763515
390	0.768728
391	0.542360
392	0.481051
393	0.414380
394	0.073568
395	0.526698
396	0.507623
397	0.751598
398	0.131093
399	0.009376
400	0.763973
401	0.101193
402	0.965288
403	0.089244
404	0.115920
405	0.896274
406	0.745245
407	0.218530
408	0.585460
409	0.240793
410	0.884460
411	0.396093
412	0.056503
413	0.927216
414	0.452420
415	0.870782
416	0.230231
417	0.488962
418	0.571254
419	0.852889
420	0.218364
421	0.920511
422	0.038626
423	0.408390
424	0.053819
425	0.105162
426	0.529782
427	0.572954
428	0.114494
429	0.042568
430	0.500902
431	0.724749
432	0.494231
433	0.346086
434	0.035075
435	0.366505
436	0.915601
437	0.504929
438	0.861768
439	0.923538
440	0.015347
441	0.289962
442	0.239358
443	0.716462
444	0.101573
445	0.777378
446	0.244662
447	0.431663
448	0.591599
449	0.514516
450	0.768635
451	0.721587
452	0.803579
453	0.740518
454	0.506180
455	0.818314
456	0.059264
457	0.575870
458	0.861748
459	0.551174
460	0.828654
461	0.124058
462	0.710174
463	0.001572
464	0.031797
465	0.291344
466	0.671436
467	0.300237
468	0.433837
469	0.273296
470	0.124291
471	0.134329
472	0.104943
473	0.416033
474	0.820584
475	0.260122
476	0.148330
477	0.013878
478	0.221272
479	0.352915
480	0.761930
481	0.421203
482	0.686691
483	0.526691
484	0.329879
485	0.143644
486	0.375358
487	0.744665
488	0.729884
489	0.731954
490	0.173760
491	0.556697
492	0.685514
493	0.870456
494	0.558393
495	0.344739
496	0.535651
497	0.962264
498	0.923171
499	0.752715
500	0.686961
501	0.336166
502	0.360733
503	0.707908
504	0.662554
505	0.397451
506	0.013741
507	0.407951
508	0.667512
509	0.219446
510	0.088817
511	0.617571
512	0.019182
513	0.217242
514	0.206055
515	0.374485
516	0.399823
517	0.293948
518	0.524278
519	0.792152
520	0.397100
521	0.727059
522	0.697282
523	0.631985
524	0.123042
525	0.733361
526	0.168706
527	0.028108
528	0.216490
529	0.170799
530	0.170083
531	0.528646
532	0.312893
533	0.901156
534	0.443719
535	0.079153
536	0.136992
537	0.535290
538	0.642834
539	0.842087
540	0.969753
541	0.340412
542	0.367711
543	0.712868
544	0.045647
545	0.124773
546	0.258288
547	0.965184
548	0.837492
549	0.687851
550	0.688702
551	0.808773
552	0.524610
553	0.583177
554	0.683919
555	0.460254
556	0.759754
557	0.276283
558	0.316928
559	0.065967
560	0.148406
561	0.472621
562	0.239584
563	0.944774
564	0.330580
565	0.260945
566	0.171349
567	0.873876
568	0.863814
569	0.478475
570	0.216758
571	0.772772
572	0.102704
573	0.207741
574	0.230993
575	0.166173
576	0.265020
577	0.804494
578	0.108500
579	0.258255
580	0.879562
581	0.215200
582	0.665078
583	0.625837
584	0.792525
585	0.345951
586	0.630425
587	0.250514
588	0.035976
589	0.806997
590	0.405085
591	0.438404
592	0.756344
593	0.784341
594	0.480335
595	0.715900
596	0.387701
597	0.028168
598	0.417493
599	0.900804
600	0.612354
601	0.834165
602	0.757822
603	0.606587
604	0.861440
605	0.405708
606	0.237630
607	0.584804
608	0.105243
609	0.490458
610	0.845010
611	0.704126
612	0.104651
613	0.692993
614	0.033096
615	0.426893
616	0.732294
617	0.275132
618	0.335741
619	0.314019
620	0.218391
621	0.607551
622	0.579483
623	0.070587
624	0.479340
625	0.160880
626	0.292917
627	0.657304
628	0.996661
629	0.092966
630	0.051626
631	0.022452
632	0.933532
633	0.063295
634	0.712304
635	0.556107
636	0.412148
637	0.988242
638	0.460360
639	0.699764
640	0.687137
641	0.535025
642	0.576024
643	0.542324
644	0.600958
645	0.371753
646	0.897791
647	0.245560
648	0.412392
649	0.570197
650	0.290063
651	0.832116
652	0.267869
653	0.261940
654	0.493320
655	0.065951
656	0.109539
657	0.233001
658	0.617532
659	0.703576
660	0.258866
661	0.803192
662	0.128187
663	0.404914
664	0.808443
665	0.161266
666	0.443031
667	0.690954
668	0.029097
669	0.542918
670	0.508058
671	0.913377
672	0.438810
673	0.863972
674	0.833358
675	0.665999
676	0.872171
677	0.914567
678	0.151167
679	0.092266
680	0.674812
681	0.131121
682	0.895940
683	0.315506
684	0.070578
685	0.581422
686	0.213810
687	0.693284
688	0.306999
689	0.804998
690	0.878733
691	0.743849
692	0.577276
693	0.867274
694	0.845470
695	0.646554
696	0.097727
697	0.623799
698	0.803995
699	0.930262
700	0.444886
701	0.102613
702	0.942635
703	0.850835
704	0.135853
705	0.841756
706	0.683185
707	0.552864
708	0.981669
709	0.348773
710	0.753355
711	0.209897
712	0.422319
713	0.854310
714	0.021409
715	0.254909
716	0.532371
717	0.627505
718	0.773860
719	0.627729
720	0.790272
721	0.112535
722	0.887194
723	0.773443
724	0.857243
725	0.479736
726	0.774054
727	0.285605
728	0.291724
729	0.197939
730	0.297004
731	0.476542
732	0.313978
733	0.404809
734	0.590476
735	0.415645
736	0.867308
737	0.046935
738	0.043811
739	0.762543
740	0.434994
741	0.490307
742	0.533305
743	0.958349
744	0.456499
745	0.963680
746	0.385154
747	0.463136
748	0.036460
749	0.332576
750	0.868259
751	0.945686
752	0.702766
753	0.240648
754	0.198498
755	0.861911
756	0.695628
757	0.169366
758	0.854752
759	0.186674
760	0.061407
761	0.918223
762	0.310355
763	0.190960
764	0.289511
765	0.998560
766	0.248398
767	0.848987
768	0.427422
769	0.457750
770	0.710492
771	0.500323
772	0.300612
773	0.340710
774	0.009002
775	0.827981
776	0.366578
777	0.876902
778	0.273700
779	0.608564
780	0.764369
781	0.218197
782	0.194412
783	0.373621
784	0.654893
785	0.201899
786	0.428968
787	0.437495
788	0.058197
789	0.870058
790	0.666101
791	0.306156
792	0.110096
793	0.927995
794	0.939546
795	0.410016
796	0.213394
797	0.699112
798	0.284144
799	0.292981
800	0.633189
801	0.547851
802	0.587271
803	0.747304
804	0.068948
805	0.956784
806	0.727227
807	0.081987
808	0.969032
809	0.106800
810	0.090641
811	0.440025
812	0.380172
813	0.711056
814	0.937598
815	0.290783
816	0.941990
817	0.174689
818	0.028523
819	0.387987
820	0.945305
821	0.714289
822	0.461379
823	0.336545
824	0.825957
825	0.585883
826	0.890016
827	0.703631
828	0.919677
829	0.890181
830	0.631414
831	0.357848
832	0.067659
833	0.792193
834	0.625854
835	0.456972
836	0.749714
837	0.292908
838	0.622832
839	0.527660
840	0.797972
841	0.697903
842	0.237892
843	0.203092
844	0.578003
845	0.556564
846	0.900761
847	0.985825
848	0.438034
849	0.401726
850	0.010569
851	0.477996
852	0.545855
853	0.049270
854	0.475154
855	0.729667
856	0.235276
857	0.357432
858	0.961916
859	0.074642
860	0.151216
861	0.173880
862	0.679416
863	0.192994
864	0.749040
865	0.083079
866	0.971513
867	0.318164
868	0.707502
869	0.516010
870	0.897557
871	0.916574
872	0.146312
873	0.698158
874	0.828978
875	0.747776
876	0.992856
877	0.830125
878	0.778833
879	0.667334
880	0.665123
881	0.248648
882	0.138917
883	0.582616
884	0.379540
885	0.175742
886	0.999364
887	0.598802
888	0.756520
889	0.991894
890	0.616913
891	0.099701
892	0.089603
893	0.868316
894	0.556957
895	0.561984
896	0.225576
897	0.556367
898	0.816021
899	0.584443
900	0.735675
901	0.293196
902	0.918379
903	0.473664
904	0.157721
905	0.165792
906	0.734353
907	0.827632
908	0.974665
909	0.046047
910	0.077588
911	0.728267
912	0.538749
913	0.922804
914	0.071733
915	0.237515
916	0.927368
917	0.309434
918	0.728931
919	0.999725
920	0.255177
921	0.484168
922	0.127023
923	0.511578
924	0.998390
925	0.852830
926	0.311062
927	0.421436
928	0.596208
929	0.327819
930	0.457622
931	0.469884
932	0.868525
933	0.552036
934	0.635386
935	0.055217
936	0.469349
937	0.211341
938	0.458750
939	0.090265
940	0.725661
941	0.864116
942	0.177029
943	0.764288
944	0.288849
945	0.352192
946	0.962524
947	0.005410
948	0.250467
949	0.265178
950	0.876898
951	0.090646
952	0.899379
953	0.321905
954	0.805478
955	0.722877
956	0.479585
957	0.260901
958	0.480124
959	0.503812
960	0.957014
961	0.639628
962	0.068029
963	0.611262
964	0.431724
965	0.213500
966	0.019186
967	0.435767
968	0.905344
969	0.574822
970	0.350561
971	0.259245
972	0.301015
973	0.893831
974	0.039297
975	0.846019
976	0.056637
977	0.724551
978	0.018151
979	0.158967
980	0.097170
981	0.363671
982	0.559112
983	0.671062
984	0.316299
985	0.517762
986	0.819621
987	0.791155
988	0.843438
989	0.520703
990	0.561588
991	0.404120
992	0.773436
993	0.917080
994	0.666449
995	0.096645
996	0.831045
997	0.397558
998	0.017849
999	0.223899
1000	0.721142
1001	0.238074
1002	0.643250
1003	0.007432
1004	0.972757
1005	0.096282
1006	0.061129
1007	0.545193
1008	0.667218
1009	0.186609
1010	0.513874
1011	0.180096
1012	0.998382
1013	0.060906
1014	0.948419
1015	0.599510
1016	0.549341
1017	0.926818
1018	0.085836
1019	0.325443
1020	0.091500
1021	0.243319
1022	0.874161
1023	0.670519
1024	0.678279
1025	0.235385
1026	0.800649
1027	0.560397
1028	0.579377
1029	0.601434
1030	0.533374
1031	0.906955
1032	0.898543
1033	0.572246
1034	0.828797
1035	0.021698
1036	0.456984
1037	0.283699
1038	0.570828
1039	0.214712
1040	0.077982
1041	0.203492
1042	0.765427
1043	0.575654
1044	0.851232
1045	0.800253
1046	0.698410
1047	0.590226
1048	0.316103
1049	0.349143
1050	0.746505
1051	0.834178
1052	0.012970
1053	0.458611
1054	0.314558
1055	0.398833
1056	0.195499
1057	0.696660
1058	0.435045
1059	0.844583
1060	0.062006
1061	0.350515
1062	0.917694
1063	0.524647
1064	0.991565
1065	0.520446
1066	0.863172
1067	0.759068
1068	0.504339
1069	0.216648
1070	0.469778
1071	0.022614
1072	0.002780
1073	0.078282
1074	0.558127
1075	0.509557
1076	0.490997
1077	0.587194
1078	0.136681
1079	0.888720
1080	0.067121
1081	0.917522
1082	0.729000
1083	0.014542
1084	0.894317
1085	0.698749
1086	0.508778
1087	0.830970
1088	0.889769
1089	0.217069
1090	0.545829
1091	0.726788
1092	0.540194
1093	0.821913
1094	0.488208
1095	0.471584
1096	0.023083
1097	0.315544
1098	0.703843
1099	0.394255
1100	0.353783
1101	0.798884
1102	0.518482
1103	0.239946
1104	0.211884
1105	0.131736
1106	0.533013
1107	0.751298
1108	0.751321
1109	0.786716
1110	0.727639
1111	0.326240
1112	0.345400
1113	0.270338
1114	0.886705
1115	0.483204
1116	0.342190
1117	0.429391
1118	0.857912
1119	0.457250
1120	0.441828
1121	0.224122
1122	0.923117
1123	0.214331
1124	0.893024
1125	0.940692
1126	0.562849
1127	0.928692
1128	0.932247
1129	0.233135
1130	0.679310
1131	0.458608
1132	0.549636
1133	0.869865
1134	0.767137
1135	0.282543
1136	0.007720
1137	0.042164
1138	0.030016
1139	0.440868
1140	0.512701
1141	0.643365
1142	0.304827
1143	0.253162
1144	0.946721
1145	0.009612
1146	0.222067
1147	0.448470
1148	0.719603
1149	0.328522
1150	0.978476
1151	0.122629
1152	0.149610
1153	0.764120
1154	0.680142
1155	0.904895
1156	0.597538
1157	0.448744
1158	0.514675
1159	0.423550
1160	0.072678
1161	0.879651
1162	0.190676
1163	0.670467
1164	0.621910
1165	0.094917
1166	0.630738
1167	0.006709
1168	0.376392
1169	0.845452
1170	0.888160
1171	0.170086
1172	0.239261
1173	0.023950
1174	0.572789
1175	0.851269
1176	0.380732
1177	0.944195
1178	0.691683
1179	0.823838
1180	0.695405
1181	0.912952
1182	0.037287
1183	0.636848
1184	0.355152
1185	0.519772
1186	0.969465
1187	0.913557
1188	0.447147
1189	0.446322
1190	0.345999
1191	0.019633
1192	0.261455
1193	0.515637
1194	0.245247
1195	0.456917
1196	0.129918
1197	0.453058
1198	0.108709
1199	0.758816
1200	0.314982
1201	0.095258
1202	0.702795
1203	0.880336
1204	0.503814
1205	0.882905
1206	0.378459
1207	0.324947
1208	0.132817
1209	0.618121
1210	0.093412
1211	0.282963
1212	0.407030
1213	0.012467
1214	0.480860
1215	0.388466
1216	0.297290
1217	0.237954
1218	0.406228
1219	0.866229
1220	0.508332
1221	0.906234
1222	0.282047
1223	0.634451
1224	0.878872
1225	0.914181
1226	0.322161
1227	0.666958
1228	0.569162
1229	0.822480
1230	0.649076
1231	0.678790
1232	0.834634
1233	0.683346
1234	0.039861
1235	0.076707
1236	0.001187
1237	0.950310
1238	0.252089
1239	0.471283
1240	0.226753
1241	0.624113
1242	0.535527
1243	0.756020
1244	0.736531
1245	0.591635
1246	0.659339
1247	0.462820
1248	0.890126
1249	0.067633
1250	0.698431
1251	0.459502
1252	0.815614
1253	0.660686
1254	0.884149
1255	0.986607
1256	0.518981
1257	0.254493
1258	0.070055
1259	0.976077
1260	0.641506
1261	0.163681
1262	0.157157
1263	0.757526
1264	0.139414
1265	0.820092
1266	0.107183
1267	0.858541
1268	0.549849
1269	0.142562
1270	0.717704
1271	0.129071
1272	0.588139
1273	0.202245
1274	0.987886
1275	0.867485
1276	0.199887
1277	0.419269
1278	0.844964
1279	0.763875
1280	0.927290
1281	0.307945
1282	0.984243
1283	0.086896
1284	0.304818
1285	0.360790
1286	0.182456
1287	0.671749
1288	0.690921
1289	0.550655
1290	0.336751
1291	0.482220
1292	0.388634
1293	0.800260
1294	0.648797
1295	0.148191
1296	0.480955
1297	0.675137
1298	0.382797
1299	0.266389
1300	0.581803
1301	0.195711
1302	0.873085
1303	0.006721
1304	0.708614
1305	0.623765
1306	0.415148
1307	0.815312
1308	0.949603
1309	0.085554
1310	0.145061
1311	0.639990
1312	0.211966
1313	0.066425
1314	0.376344
1315	0.031521
1316	0.484609
1317	0.908717
1318	0.328198
1319	0.867443
1320	0.071019
1321	0.115513
1322	0.030990
1323	0.993182
1324	0.688779
1325	0.297365
1326	0.048124
1327	0.231439
1328	0.188889
1329	0.178197
1330	0.700310
1331	0.445372
1332	0.620769
1333	0.021445
1334	0.739290
1335	0.389080
1336	0.110855
1337	0.860067
1338	0.992008
1339	0.191521
1340	0.390581
1341	0.866816
1342	0.809570
1343	0.513588
1344	0.112716
1345	0.327402
1346	0.213301
1347	0.725136
1348	0.346313
1349	0.862519
1350	0.265462
1351	0.166936
1352	0.805679
1353	0.559730
1354	0.316179
1355	0.505394
1356	0.616738
1357	0.437797
1358	0.629843
1359	0.934541
1360	0.377046
1361	0.480033
1362	0.291284
1363	0.124943
1364	0.248642
1365	0.285735
1366	0.879704
1367	0.223155
1368	0.114347
1369	0.036828
1370	0.900472
1371	0.244192
1372	0.909281
1373	0.937958
1374	0.433103
1375	0.014727
1376	0.045077
1377	0.930538
1378	0.517967
1379	0.573622
1380	0.012021
1381	0.313598
1382	0.922511
1383	0.041837
1384	0.365050
1385	0.826002
1386	0.636185
1387	0.374121
1388	0.167178
1389	0.795772
1390	0.606054
1391	0.804405
1392	0.825447
1393	0.573578
1394	0.284662
1395	0.915067
1396	0.060241
1397	0.710131
1398	0.788616
1399	0.082739
1400	0.401953
1401	0.173289
1402	0.209160
1403	0.080863
1404	0.216152
1405	0.432551
1406	0.551529
1407	0.118587
1408	0.378936
1409	0.959541
1410	0.162922
1411	0.848858
1412	0.620969
1413	0.736834
1414	0.422625
1415	0.433698
1416	0.447476
1417	0.758419
1418	0.073152
1419	0.675066
1420	0.841202
1421	0.408338
1422	0.357614
1423	0.334515
1424	0.538076
1425	0.575211
1426	0.163215
1427	0.918796
1428	0.106324
1429	0.595726
1430	0.549330
1431	0.511954
1432	0.887244
1433	0.706708
1434	0.334639
1435	0.313337
1436	0.801359
1437	0.850575
1438	0.133096
1439	0.786856
1440	0.271694
1441	0.041011
1442	0.242937
1443	0.147004
1444	0.954203
1445	0.313368
1446	0.814484
1447	0.974507
1448	0.434727
1449	0.706990
1450	0.537349
1451	0.257373
1452	0.596220
1453	0.044447
1454	0.810013
1455	0.045772
1456	0.476424
1457	0.166200
1458	0.677027
1459	0.161255
1460	0.324899
1461	0.069762
1462	0.261815
1463	0.247689
1464	0.382626
1465	0.301954
1466	0.584789
1467	0.643897
1468	0.003776
1469	0.313825
1470	0.464080
1471	0.613021
1472	0.927207
1473	0.053466
1474	0.154475
1475	0.913185
1476	0.297527
1477	0.226048
1478	0.822072
1479	0.336080
1480	0.898007
1481	0.667324
1482	0.289052
1483	0.988052
1484	0.659081
1485	0.571688
1486	0.453795
1487	0.821241
1488	0.968828
1489	0.694289
1490	0.714007
1491	0.335035
1492	0.460809
1493	0.554900
1494	0.739870
1495	0.820949
1496	0.568241
1497	0.446268
1498	0.284197
1499	0.892918
1500	0.193273
1501	0.168965
1502	0.928969
1503	0.971575
1504	0.780508
1505	0.746505
1506	0.882217
1507	0.532594
1508	0.042727
1509	0.427520
1510	0.114120
1511	0.208363
1512	0.654755
1513	0.455459
1514	0.292458
1515	0.687791
1516	0.702502
1517	0.920668
1518	0.509505
1519	0.994804
1520	0.295583
1521	0.435455
1522	0.627437
1523	0.361991
1524	0.973598
1525	0.961148
1526	0.977835
1527	0.037115
1528	0.761651
1529	0.329174
1530	0.981592
1531	0.967897
1532	0.566275
1533	0.438247
1534	0.185172
1535	0.171118
1536	0.108312
1537	0.770143
1538	0.992625
1539	0.487987
1540	0.527081
1541	0.380984
1542	0.593073
1543	0.406646
1544	0.876210
1545	0.417860
1546	0.901626
1547	0.258189
1548	0.884765
1549	0.147061
1550	0.737169
1551	0.693719
1552	0.949832
1553	0.515805
1554	0.520547
1555	0.271444
1556	0.433662
1557	0.100438
1558	0.886825
1559	0.835098
1560	0.988304
1561	0.507551
1562	0.239296
1563	0.273883
1564	0.054607
1565	0.617876
1566	0.232269
1567	0.111372
1568	0.565301
1569	0.614287
1570	0.834536
1571	0.083593
1572	0.611145
1573	0.273603
1574	0.203597
1575	0.607668
1576	0.745774
1577	0.176563
1578	0.378453
1579	0.500391
1580	0.252709
1581	0.091298
1582	0.390301
1583	0.935090
1584	0.074250
1585	0.993645
1586	0.988120
1587	0.894795
1588	0.906675
1589	0.823868
1590	0.800500
1591	0.025411
1592	0.852777
1593	0.855856
1594	0.504720
1595	0.065312
1596	0.847622
1597	0.324039
1598	0.875781
1599	0.944100
1600	0.146190
1601	0.958380
1602	0.446779
1603	0.235425
1604	0.494829
1605	0.202570
1606	0.760606
1607	0.214648
1608	0.168148
1609	0.909480
1610	0.742681
1611	0.125124
1612	0.007988
1613	0.135931
1614	0.814445
1615	0.976235
1616	0.573493
1617	0.601694
1618	0.815135
1619	0.876542
1620	0.826305
1621	0.381593
1622	0.250362
1623	0.407144
1624	0.710808
1625	0.301509
1626	0.563884
1627	0.239252
1628	0.027603
1629	0.286590
1630	0.085483
1631	0.237931
1632	0.073579
1633	0.931197
1634	0.672837
1635	0.828006
1636	0.271743
1637	0.833826
1638	0.296835
1639	0.851203
1640	0.029245
1641	0.665862
1642	0.453934
1643	0.454147
1644	0.136624
1645	0.560636
1646	0.190250
1647	0.418964
1648	0.402445
1649	0.649457
1650	0.132437
1651	0.501697
1652	0.855203
1653	0.505375
1654	0.510586
1655	0.763841
1656	0.642102
1657	0.845430
1658	0.076970
1659	0.070053
1660	0.818454
1661	0.190383
1662	0.748236
1663	0.147094
1664	0.111574
1665	0.780798
1666	0.982528
1667	0.137488
1668	0.721836
1669	0.033444
1670	0.429929
1671	0.984188
1672	0.506897
1673	0.216907
1674	0.425786
1675	0.313102
1676	0.901832
1677	0.994886
1678	0.921071
1679	0.567770
1680	0.530230
1681	0.585761
1682	0.529434
1683	0.839625
1684	0.234278
1685	0.713790
1686	0.412383
1687	0.238288
1688	0.723922
1689	0.367732
1690	0.695904
1691	0.385403
1692	0.947667
1693	0.864276
1694	0.315359
1695	0.084053
1696	0.805205
1697	0.454633
1698	0.500723
1699	0.821188
1700	0.842303
1701	0.971657
1702	0.249074
1703	0.175432
1704	0.932329
1705	0.941544
1706	0.871859
1707	0.615774
1708	0.700133
1709	0.468271
1710	0.165106
1711	0.541913
1712	0.080017
1713	0.721437
1714	0.623834
1715	0.704269
1716	0.120252
1717	0.340092
1718	0.927890
1719	0.586205
1720	0.105459
1721	0.718574
1722	0.263978
1723	0.683786
1724	0.621574
1725	0.317775
1726	0.844533
1727	0.396053
1728	0.145615
1729	0.589811
1730	0.743095
1731	0.973529
1732	0.616789
1733	0.199555
1734	0.221152
1735	0.462383
1736	0.702425
1737	0.247353
1738	0.483958
1739	0.139755
1740	0.780739
1741	0.558478
1742	0.012059
1743	0.641422
1744	0.144603
1745	0.612164
1746	0.588409
1747	0.930802
1748	0.411496
1749	0.782728
1750	0.023596
1751	0.808846
1752	0.382989
1753	0.594168
1754	0.597488
1755	0.693359
1756	0.613878
1757	0.125346
1758	0.936225
1759	0.545568
1760	0.161032
1761	0.413521
1762	0.558899
1763	0.748381
1764	0.522858
1765	0.198426
1766	0.616436
1767	0.367663
1768	0.742770
1769	0.026655
1770	0.442231
1771	0.993518
1772	0.328234
1773	0.136929
1774	0.804343
1775	0.466995
1776	0.777774
1777	0.601470
1778	0.134785
1779	0.468667
1780	0.562146
1781	0.478518
1782	0.283298
1783	0.664502
1784	0.775801
1785	0.697942
1786	0.349420
1787	0.872217
1788	0.967464
1789	0.658377
1790	0.064659
1791	0.294662
1792	0.933524
1793	0.053605
1794	0.780780
1795	0.047812
1796	0.277756
1797	0.901764
1798	0.953805
1799	0.037525
1800	0.021475
1801	0.647751
1802	0.757365
1803	0.274893
1804	0.408517
1805	0.212073
1806	0.102803
1807	0.293812
1808	0.661451
1809	0.023885
1810	0.454277
1811	0.791036
1812	0.884505
1813	0.098481
1814	0.800586
1815	0.558916
1816	0.602915
1817	0.686858
1818	0.455152
1819	0.350081
1820	0.809495
1821	0.664800
1822	0.803306
1823	0.393248
1824	0.541534
1825	0.759297
1826	0.081620
1827	0.777251
1828	0.322448
1829	0.689926
1830	0.965501
1831	0.009216
1832	0.613782
1833	0.981322
1834	0.444805
1835	0.420949
1836	0.278045
1837	0.370331
1838	0.796980
1839	0.199249
1840	0.948616
1841	0.568254
1842	0.615737
1843	0.120670
1844	0.839719
1845	0.466326
1846	0.840860
1847	0.314596
1848	0.560578
1849	0.402890
1850	0.660201
1851	0.811383
1852	0.779788
1853	0.696366
1854	0.444913
1855	0.271258
1856	0.428199
1857	0.532109
1858	0.538406
1859	0.167043
1860	0.543942
1861	0.357446
1862	0.581409
1863	0.107250
1864	0.817450
1865	0.961980
1866	0.031017
1867	0.749290
1868	0.556345
1869	0.314705
1870	0.859900
1871	0.444503
1872	0.782021
1873	0.301207
1874	0.920450
1875	0.972183
1876	0.816743
1877	0.699598
1878	0.772882
1879	0.319043
1880	0.300543
1881	0.889655
1882	0.629990
1883	0.819758
1884	0.572467
1885	0.883580
1886	0.516053
1887	0.234721
1888	0.695443
1889	0.666879
1890	0.403137
1891	0.660429
1892	0.735886
1893	0.553013
1894	0.432875
1895	0.968585
1896	0.818926
1897	0.184982
1898	0.891771
1899	0.690745
1900	0.761813
1901	0.001037
1902	0.247398
1903	0.610117
1904	0.988672
1905	0.850780
1906	0.714053
1907	0.510719
1908	0.899577
1909	0.073470
1910	0.769854
1911	0.551878
1912	0.809125
1913	0.694201
1914	0.141654
1915	0.083943
1916	0.090904
1917	0.558289
1918	0.686223
1919	0.665741
1920	0.823860
1921	0.702975
1922	0.580760
1923	0.867913
1924	0.297452
1925	0.192091
1926	0.376048
1927	0.696702
1928	0.410292
1929	0.038092
1930	0.922462
1931	0.213476
1932	0.710788
1933	0.871927
1934	0.441972
1935	0.985415
1936	0.450103
1937	0.250195
1938	0.155484
1939	0.227029
1940	0.122795
1941	0.107208
1942	0.780031
1943	0.990881
1944	0.087044
1945	0.953954
1946	0.857873
1947	0.165088
1948	0.715937
1949	0.223925
1950	0.571455
1951	0.726387
1952	0.318375
1953	0.285648
1954	0.314139
1955	0.088051
1956	0.670504
1957	0.342211
1958	0.534760
1959	0.144602
1960	0.256998
1961	0.868607
1962	0.040459
1963	0.938484
1964	0.279918
1965	0.688305
1966	0.141164
1967	0.711848
1968	0.648426
1969	0.941802
1970	0.442964
1971	0.428958
1972	0.715349
1973	0.373279
1974	0.266862
1975	0.896931
1976	0.630043
1977	0.768814
1978	0.182736
1979	0.125463
1980	0.187369
1981	0.373411
1982	0.932470
1983	0.066488
1984	0.779681
1985	0.437554
1986	0.576047
1987	0.894637
1988	0.015041
1989	0.080906
1990	0.362936
1991	0.326693
1992	0.216370
1993	0.685536
1994	0.019485
1995	0.446525
1996	0.031797
1997	0.458663
1998	0.590483
1999	0.180235
2000	0.888162
2001	0.441167
2002	0.997017
2003	0.049333
2004	0.832654
2005	0.529120
2006	0.218667
2007	0.477857
2008	0.210294
2009	0.358419
2010	0.699641
2011	0.618578
2012	0.598752
2013	0.654717
2014	0.767362
2015	0.035332
2016	0.901469
2017	0.740419
2018	0.668201
2019	0.290296
2020	0.622922
2021	0.826312
2022	0.226527
2023	0.459600
2024	0.206907
2025	0.896932
2026	0.156030
2027	0.276432
2028	0.203887
2029	0.965937
2030	0.060847
2031	0.181920
2032	0.693856
2033	0.161323
2034	0.100507
2035	0.270268
2036	0.276954
2037	0.071565
2038	0.927838
2039	0.431193
2040	0.458580
2041	0.504550
2042	0.691221
2043	0.920709
2044	0.005448
2045	0.884072
2046	0.798805
2047	0.897271
2048	0.893424
2049	0.926872
2050	0.527324
2051	0.926490
2052	0.569878
2053	0.640417
2054	0.004990
2055	0.131870
2056	0.128356
2057	0.582388
2058	0.267796
2059	0.114843
2060	0.560723
2061	0.392056
2062	0.970563
2063	0.313832
2064	0.883471
2065	0.897175
2066	0.495722
2067	0.463862
2068	0.705974
2069	0.313925
2070	0.039581
2071	0.865837
2072	0.747261
2073	0.778708
2074	0.241302
2075	0.403825
2076	0.145973
2077	0.406837
2078	0.855806
2079	0.551239
2080	0.830018
2081	0.382423
2082	0.238230
2083	0.889923
2084	0.105798
2085	0.004975
2086	0.212282
2087	0.102582
2088	0.332564
2089	0.800681
2090	0.524171
2091	0.677334
2092	0.609395
2093	0.540134
2094	0.151839
2095	0.137450
2096	0.817563
2097	0.470063
2098	0.438475
2099	0.949312
2100	0.829849
2101	0.085723
2102	0.370179
2103	0.102623
2104	0.874018
2105	0.054836
2106	0.418896
2107	0.949931
2108	0.776622
2109	0.306032
2110	0.649972
2111	0.254165
2112	0.425071
2113	0.057608
2114	0.253955
2115	0.555353
2116	0.283301
2117	0.570069
2118	0.137400
2119	0.228877
2120	0.145116
2121	0.432578
2122	0.608733
2123	0.780959
2124	0.678318
2125	0.154326
2126	0.761824
2127	0.591675
2128	0.324243
2129	0.032478
2130	0.709247
2131	0.066431
2132	0.096333
2133	0.655093
2134	0.994792
2135	0.853789
2136	0.046384
2137	0.807202
2138	0.044221
2139	0.806807
2140	0.119378
2141	0.958514
2142	0.446323
2143	0.848305
2144	0.732101
2145	0.290281
2146	0.822907
2147	0.004814
2148	0.324588
2149	0.375333
2150	0.504440
2151	0.022378
2152	0.937756
2153	0.058794
2154	0.713791
2155	0.108199
2156	0.359277
2157	0.837343
2158	0.338180
2159	0.159609
2160	0.799907
2161	0.532939
2162	0.081359
2163	0.065569
2164	0.364295
2165	0.373828
2166	0.104792
2167	0.281363
2168	0.667051
2169	0.693436
2170	0.536756
2171	0.385160
2172	0.923095
2173	0.438825
2174	0.128626
2175	0.992466
2176	0.270454
2177	0.038069
2178	0.123052
2179	0.513243
2180	0.226576
2181	0.043830
2182	0.152198
2183	0.334524
2184	0.251585
2185	0.373111
2186	0.866951
2187	0.162313
2188	0.812752
2189	0.065616
2190	0.499185
2191	0.289241
2192	0.985765
2193	0.841021
2194	0.746165
2195	0.313945
2196	0.065488
2197	0.545084
2198	0.134617
2199	0.434446
2200	0.419960
2201	0.922727
2202	0.345322
2203	0.497176
2204	0.637973
2205	0.270677
2206	0.159268
2207	0.897154
2208	0.077215
2209	0.020980
2210	0.603134
2211	0.600509
2212	0.104308
2213	0.448589
2214	0.233293
2215	0.670813
2216	0.471040
2217	0.630651
2218	0.089718
2219	0.914095
2220	0.436534
2221	0.802117
2222	0.788372
2223	0.568036
2224	0.920135
2225	0.032543
2226	0.195296
2227	0.318377
2228	0.354609
2229	0.013745
2230	0.658170
2231	0.565405
2232	0.157172
2233	0.909173
2234	0.460201
2235	0.536488
2236	0.203302
2237	0.026113
2238	0.933655
2239	0.063606
2240	0.184896
2241	0.274168
2242	0.030921
2243	0.149858
2244	0.772654
2245	0.351791
2246	0.432829
2247	0.633945
2248	0.548656
2249	0.631301
2250	0.888123
2251	0.640043
2252	0.397611
2253	0.206844
2254	0.163689
2255	0.151434
2256	0.566530
2257	0.334911
2258	0.059915
2259	0.064433
2260	0.747632
2261	0.979441
2262	0.554739
2263	0.824972
2264	0.086522
2265	0.710287
2266	0.507279
2267	0.099540
2268	0.948500
2269	0.272308
2270	0.029142
2271	0.526751
2272	0.024911
2273	0.610852
2274	0.748482
2275	0.092750
2276	0.066284
2277	0.516621
2278	0.706583
2279	0.995873
2280	0.280614
2281	0.738303
2282	0.575391
2283	0.451930
2284	0.527343
2285	0.944956
2286	0.631203
2287	0.945253
2288	0.617519
2289	0.232616
2290	0.407015
2291	0.171970
2292	0.748427
2293	0.532223
2294	0.944457
2295	0.836250
2296	0.760052
2297	0.750661
2298	0.924229
2299	0.548363
2300	0.107418
2301	0.366036
2302	0.848500
2303	0.102062
2304	0.256832
2305	0.495397
2306	0.634505
2307	0.160117
2308	0.397929
2309	0.791767
2310	0.038724
2311	0.898765
2312	0.633059
2313	0.431992
2314	0.926631
2315	0.017780
2316	0.079914
2317	0.592560
2318	0.523324
2319	0.041998
2320	0.974371
2321	0.232892
2322	0.992748
2323	0.367094
2324	0.963656
2325	0.410894
2326	0.393283
2327	0.647624
2328	0.363226
2329	0.330785
2330	0.718715
2331	0.014758
2332	0.445942
2333	0.595791
2334	0.157907
2335	0.136318
2336	0.523423
2337	0.826546
2338	0.273632
2339	0.200015
2340	0.054917
2341	0.668582
2342	0.719068
2343	0.684864
2344	0.619210
2345	0.898695
2346	0.665559
2347	0.974251
2348	0.854064
2349	0.640167
2350	0.921567
2351	0.911078
2352	0.402485
2353	0.791525
2354	0.972779
2355	0.770517
2356	0.205956
2357	0.483999
2358	0.887524
2359	0.564578
2360	0.804927
2361	0.421024
2362	0.308634
2363	0.345878
2364	0.502863
2365	0.171562
2366	0.019475
2367	0.262275
2368	0.631454
2369	0.130810
2370	0.832835
2371	0.561694
2372	0.733997
2373	0.810899
2374	0.639863
2375	0.855263
2376	0.227245
2377	0.154785
2378	0.283261
2379	0.530429
2380	0.178111
2381	0.593791
2382	0.723844
2383	0.842928
2384	0.862593
2385	0.898825
2386	0.569676
2387	0.502328
2388	0.085399
2389	0.453464
2390	0.077880
2391	0.360420
2392	0.108232
2393	0.240750
2394	0.944392
2395	0.491227
2396	0.944036
2397	0.562266
2398	0.618308
2399	0.657244
2400	0.658304
2401	0.666011
2402	0.144822
2403	0.046060
2404	0.814437
2405	0.057502
2406	0.112098
2407	0.657580
2408	0.898970
2409	0.205893
2410	0.688974
2411	0.763023
2412	0.258244
2413	0.673712
2414	0.856284
2415	0.147039
2416	0.017750
2417	0.825743
2418	0.197331
2419	0.103161
2420	0.589236
2421	0.280902
2422	0.293031
2423	0.365909
2424	0.601977
2425	0.122630
2426	0.213199
2427	0.831057
2428	0.529815
2429	0.680839
2430	0.484087
2431	0.305564
2432	0.484336
2433	0.934992
2434	0.498469
2435	0.922559
2436	0.869411
2437	0.397257
2438	0.701354
2439	0.802539
2440	0.059268
2441	0.741270
2442	0.192905
2443	0.102966
2444	0.390101
2445	0.610894
2446	0.129589
2447	0.603889
2448	0.416104
2449	0.530160
2450	0.542412
2451	0.271780
2452	0.149917
2453	0.836563
2454	0.822742
2455	0.937796
2456	0.413088
2457	0.162069
2458	0.125411
2459	0.946172
2460	0.195774
2461	0.416980
2462	0.607194
2463	0.765002
2464	0.251057
2465	0.109468
2466	0.636292
2467	0.512456
2468	0.915661
2469	0.416892
2470	0.583179
2471	0.809465
2472	0.196332
2473	0.863313
2474	0.321084
2475	0.513425
2476	0.533631
2477	0.041059
2478	0.239919
2479	0.670788
2480	0.849448
2481	0.223319
2482	0.102843
2483	0.419060
2484	0.701398
2485	0.270952
2486	0.970508
2487	0.806265
2488	0.759711
2489	0.151814
2490	0.282892
2491	0.329145
2492	0.746710
2493	0.017550
2494	0.949357
2495	0.937036
2496	0.245066
2497	0.864044
2498	0.458942
2499	0.838522
2500	0.901442
2501	0.721440
2502	0.917998
2503	0.480674
2504	0.992671
2505	0.352244
2506	0.962246
2507	0.859220
2508	0.751233
2509	0.996413
2510	0.414306
2511	0.941625
2512	0.387551
2513	0.596418
2514	0.683320
2515	0.538381
2516	0.223728
2517	0.609093
2518	0.375729
2519	0.801278
2520	0.545109
2521	0.301707
2522	0.629408
2523	0.536932
2524	0.663918
2525	0.814637
2526	0.848838
2527	0.341063
2528	0.707769
2529	0.120386
2530	0.936733
2531	0.841132
2532	0.932752
2533	0.827339
2534	0.745550
2535	0.004779
2536	0.006911
2537	0.965945
2538	0.346736
2539	0.967638
2540	0.009178
2541	0.995036
2542	0.200604
2543	0.360517
2544	0.588272
2545	0.207362
2546	0.347856
2547	0.892425
2548	0.275918
2549	0.067460
2550	0.105414
2551	0.457838
2552	0.752349
2553	0.243603
2554	0.283060
2555	0.284898
2556	0.525758
2557	0.801260
2558	0.820140
2559	0.392502
2560	0.070887
2561	0.201550
2562	0.728207
2563	0.660764
2564	0.737835
2565	0.028178
2566	0.898861
2567	0.188896
2568	0.406363
2569	0.274947
2570	0.357461
2571	0.880669
2572	0.842315
2573	0.227922
2574	0.901967
2575	0.689377
2576	0.383452
2577	0.527663
2578	0.329357
2579	0.016380
2580	0.017083
2581	0.593553
2582	0.015421
2583	0.000141
2584	0.139765
2585	0.821437
2586	0.950742
2587	0.982251
2588	0.541500
2589	0.554751
2590	0.248257
2591	0.184810
2592	0.117741
2593	0.896462
2594	0.005724
2595	0.486909
2596	0.869976
2597	0.733115
2598	0.437746
2599	0.319760
2600	0.250384
2601	0.532580
2602	0.672862
2603	0.798632
2604	0.382052
2605	0.343680
2606	0.155858
2607	0.729370
2608	0.140597
2609	0.149510
2610	0.396229
2611	0.537555
2612	0.215879
2613	0.128136
2614	0.881218
2615	0.204653
2616	0.737205
2617	0.166448
2618	0.424629
2619	0.208874
2620	0.698446
2621	0.007771
2622	0.477446
2623	0.275395
2624	0.570320
2625	0.934561
2626	0.988086
2627	0.473382
2628	0.148568
2629	0.777934
2630	0.101842
2631	0.153745
2632	0.824509
2633	0.080279
2634	0.241916
2635	0.215222
2636	0.247623
2637	0.330884
2638	0.157593
2639	0.796295
2640	0.400327
2641	0.652979
2642	0.176020
2643	0.311391
2644	0.748211
2645	0.090134
2646	0.798189
2647	0.642075
2648	0.643060
2649	0.557565
2650	0.660700
2651	0.633570
2652	0.022337
2653	0.566998
2654	0.794534
2655	0.975450
2656	0.602125
2657	0.370595
2658	0.680188
2659	0.220043
2660	0.838462
2661	0.208775
2662	0.283175
2663	0.535790
2664	0.525372
2665	0.788038
2666	0.591181
2667	0.743953
2668	0.800639
2669	0.998089
2670	0.028408
2671	0.949857
2672	0.789620
2673	0.633413
2674	0.936084
2675	0.373885
2676	0.083226
2677	0.584182
2678	0.351461
2679	0.798230
2680	0.622071
2681	0.566944
2682	0.939292
2683	0.873716
2684	0.451045
2685	0.079469
2686	0.806757
2687	0.643678
2688	0.776803
2689	0.379570
2690	0.319710
2691	0.320925
2692	0.067606
2693	0.038505
2694	0.018250
2695	0.147234
2696	0.796405
2697	0.030034
2698	0.463857
2699	0.136014
2700	0.262910
2701	0.551497
2702	0.828069
2703	0.476853
2704	0.610832
2705	0.388949
2706	0.321291
2707	0.210424
2708	0.257586
2709	0.830827
2710	0.055264
2711	0.573846
2712	0.003918
2713	0.990660
2714	0.607685
2715	0.796311
2716	0.821536
2717	0.146567
2718	0.714133
2719	0.483931
2720	0.912554
2721	0.961863
2722	0.030827
2723	0.478762
2724	0.982955
2725	0.475757
2726	0.499684
2727	0.882556
2728	0.614320
2729	0.695393
2730	0.290891
2731	0.989521
2732	0.197558
2733	0.770277
2734	0.712005
2735	0.128268
2736	0.606492
2737	0.768207
2738	0.548750
2739	0.841016
2740	0.838026
2741	0.319399
2742	0.561829
2743	0.663251
2744	0.382596
2745	0.064561
2746	0.904713
2747	0.760447
2748	0.470124
2749	0.285682
2750	0.976354
2751	0.346760
2752	0.372323
2753	0.058486
2754	0.184966
2755	0.685933
2756	0.144666
2757	0.126622
2758	0.607364
2759	0.355018
2760	0.026369
2761	0.734123
2762	0.994107
2763	0.650191
2764	0.853409
2765	0.279549
2766	0.732972
2767	0.610263
2768	0.399892
2769	0.678131
2770	0.559581
2771	0.221933
2772	0.372183
2773	0.183521
2774	0.139807
2775	0.311967
2776	0.616563
2777	0.465275
2778	0.367415
2779	0.301170
2780	0.946000
2781	0.439510
2782	0.874227
2783	0.034855
2784	0.279775
2785	0.576502
2786	0.968575
2787	0.971805
2788	0.658579
2789	0.668989
2790	0.959132
2791	0.031219
2792	0.238386
2793	0.738199
2794	0.621367
2795	0.803408
2796	0.872663
2797	0.421019
2798	0.787251
2799	0.829089
2800	0.111445
2801	0.751989
2802	0.627707
2803	0.463760
2804	0.827723
2805	0.299289
2806	0.922227
2807	0.953221
2808	0.629674
2809	0.596370
2810	0.319713
2811	0.754758
2812	0.338049
2813	0.333026
2814	0.465630
2815	0.612412
2816	0.161047
2817	0.824612
2818	0.657944
2819	0.216481
2820	0.546968
2821	0.499555
2822	0.981012
2823	0.494552
2824	0.753616
2825	0.057803
2826	0.313765
2827	0.257702
2828	0.861848
2829	0.221270
2830	0.205382
2831	0.389889
2832	0.650834
2833	0.677532
2834	0.925680
2835	0.365847
2836	0.519732
2837	0.606103
2838	0.423982
2839	0.223354
2840	0.512902
2841	0.659677
2842	0.943118
2843	0.325402
2844	0.714938
2845	0.178097
2846	0.436012
2847	0.218390
2848	0.512284
2849	0.858879
2850	0.101039
2851	0.530963
2852	0.857590
2853	0.853483
2854	0.496958
2855	0.337572
2856	0.062317
2857	0.952720
2858	0.104852
2859	0.419635
2860	0.326053
2861	0.957710
2862	0.487416
2863	0.849416
2864	0.184933
2865	0.685298
2866	0.547537
2867	0.767175
2868	0.026400
2869	0.150154
2870	0.828844
2871	0.856136
2872	0.426824
2873	0.011766
2874	0.429473
2875	0.093293
2876	0.178498
2877	0.225761
2878	0.343415
2879	0.883682
2880	0.792956
2881	0.238623
2882	0.906381
2883	0.703711
2884	0.010997
2885	0.896713
2886	0.338139
2887	0.183260
2888	0.382148
2889	0.278898
2890	0.051895
2891	0.960087
2892	0.466449
2893	0.822180
2894	0.682711
2895	0.222658
2896	0.281520
2897	0.697087
2898	0.488694
2899	0.213615
2900	0.592980
2901	0.350565
2902	0.546020
2903	0.955995
2904	0.804909
2905	0.305576
2906	0.715725
2907	0.464115
2908	0.030373
2909	0.666163
2910	0.758032
2911	0.852188
2912	0.344955
2913	0.692468
2914	0.838946
2915	0.213616
2916	0.886140
2917	0.290943
2918	0.471754
2919	0.335209
2920	0.949336
2921	0.210153
2922	0.199157
2923	0.171956
2924	0.341081
2925	0.182211
2926	0.914256
2927	0.243364
2928	0.228759
2929	0.634584
2930	0.082862
2931	0.441608
2932	0.524033
2933	0.988197
2934	0.536226
2935	0.150143
2936	0.357571
2937	0.917202
2938	0.300726
2939	0.559943
2940	0.551965
2941	0.376138
2942	0.796295
2943	0.905802
2944	0.737476
2945	0.194541
2946	0.923105
2947	0.309375
2948	0.144256
2949	0.731246
2950	0.149375
2951	0.556698
2952	0.360629
2953	0.495035
2954	0.873226
2955	0.519263
2956	0.888946
2957	0.939944
2958	0.547518
2959	0.878480
2960	0.030477
2961	0.388137
2962	0.395999
2963	0.178240
2964	0.063947
2965	0.417100
2966	0.907300
2967	0.119613
2968	0.377010
2969	0.157844
2970	0.644068
2971	0.051554
2972	0.897648
2973	0.014464
2974	0.549495
2975	0.193295
2976	0.037676
2977	0.950833
2978	0.752588
2979	0.655273
2980	0.291028
2981	0.956364
2982	0.574830
2983	0.478688
2984	0.466023
2985	0.748855
2986	0.810354
2987	0.877653
2988	0.317358
2989	0.488702
2990	0.503837
2991	0.596489
2992	0.577210
2993	0.945695
2994	0.077295
2995	0.757730
2996	0.265748
2997	0.498627
2998	0.279345
2999	0.009205
Time is 0
Time is 10000
Time is 20000
Time is 30000
Time is 40000
Time is 50000
Time is 60000
Time is 70000
Time is 80000
Time is 90000
Time is 100000
Time is 110000
Time is 120000
Time is 130000
Time is 140000
Time is 150000
Time is 160000
Time is 170000
Time is 180000
Time is 190000
Time for calculations =    997.585719 sec
Time for I/O          =      0.039783 sec
Total execution time  =    997.625502 sec
