Running simulation with following parameters:
  Number of neurons   : 1000
  Numger of neighbours: 350
  Simulation time     : 20 seconds (200000 time steps)
  Transient time      : 10 seconds (100000 time steps)
  dt                  : 1.0e-04 seconds 
  mu                  : 1.000000000000000
  uth                 : 0.980000000000000
  s_min               : 0.700000000000000
  s_max               : 0.700000000000000
0	0.000000
1	0.000985
2	0.041631
3	0.176643
4	0.364602
5	0.091331
6	0.092298
7	0.487217
8	0.526750
9	0.454433
10	0.233178
11	0.831292
12	0.931731
13	0.568060
14	0.556094
15	0.050832
16	0.767051
17	0.018915
18	0.252360
19	0.298197
20	0.875981
21	0.531557
22	0.920261
23	0.515431
24	0.810429
25	0.188420
26	0.886314
27	0.570614
28	0.076775
29	0.815274
30	0.984891
31	0.118352
32	0.893906
33	0.784484
34	0.100916
35	0.253311
36	0.019842
37	0.378377
38	0.678877
39	0.680923
40	0.752707
41	0.006229
42	0.624407
43	0.126462
44	0.617550
45	0.770928
46	0.186536
47	0.496722
48	0.509500
49	0.315939
50	0.701703
51	0.367247
52	0.876312
53	0.370995
54	0.525252
55	0.427835
56	0.542743
57	0.667979
58	0.171142
59	0.830779
60	0.861905
61	0.769221
62	0.052579
63	0.966730
64	0.334284
65	0.082097
66	0.270315
67	0.074262
68	0.676226
69	0.810159
70	0.464211
71	0.569185
72	0.512203
73	0.586510
74	0.738759
75	0.871689
76	0.577967
77	0.964704
78	0.333529
79	0.392828
80	0.176928
81	0.111869
82	0.852681
83	0.811172
84	0.954887
85	0.904283
86	0.138915
87	0.686187
88	0.126987
89	0.004090
90	0.000503
91	0.192952
92	0.586780
93	0.374959
94	0.026786
95	0.464765
96	0.785343
97	0.442235
98	0.287904
99	0.853353
100	0.525972
101	0.728417
102	0.266314
103	0.783484
104	0.468044
105	0.196997
106	0.447177
107	0.728440
108	0.966093
109	0.756841
110	0.466057
111	0.868966
112	0.134039
113	0.846053
114	0.018088
115	0.940855
116	0.670082
117	0.799972
118	0.143217
119	0.610460
120	0.908283
121	0.774415
122	0.366065
123	0.944288
124	0.884822
125	0.445171
126	0.163028
127	0.424817
128	0.479854
129	0.031128
130	0.608430
131	0.792261
132	0.182497
133	0.525121
134	0.898759
135	0.308790
136	0.942626
137	0.388025
138	0.930512
139	0.911384
140	0.337718
141	0.532812
142	0.702077
143	0.971011
144	0.768085
145	0.751941
146	0.090864
147	0.853967
148	0.174644
149	0.019770
150	0.419054
151	0.296370
152	0.378232
153	0.418716
154	0.138448
155	0.380847
156	0.299780
157	0.021012
158	0.238803
159	0.037109
160	0.221059
161	0.525435
162	0.494525
163	0.882522
164	0.773830
165	0.059002
166	0.119801
167	0.547801
168	0.341916
169	0.456812
170	0.588122
171	0.585150
172	0.069927
173	0.818931
174	0.403161
175	0.585483
176	0.191161
177	0.892277
178	0.176332
179	0.207704
180	0.115748
181	0.158915
182	0.992644
183	0.681571
184	0.811796
185	0.642215
186	0.329342
187	0.737553
188	0.823483
189	0.721261
190	0.657982
191	0.358774
192	0.610365
193	0.415004
194	0.814954
195	0.773965
196	0.274311
197	0.044742
198	0.601041
199	0.514091
200	0.630215
201	0.180893
202	0.278501
203	0.452489
204	0.642986
205	0.742832
206	0.413655
207	0.618052
208	0.618289
209	0.854436
210	0.181457
211	0.307928
212	0.023328
213	0.009182
214	0.951453
215	0.990755
216	0.204940
217	0.604093
218	0.935652
219	0.559567
220	0.546866
221	0.439128
222	0.449752
223	0.306805
224	0.200814
225	0.215800
226	0.049896
227	0.209561
228	0.574563
229	0.914820
230	0.415610
231	0.654159
232	0.355701
233	0.586702
234	0.391946
235	0.033850
236	0.285516
237	0.091604
238	0.444385
239	0.925937
240	0.921284
241	0.605927
242	0.861146
243	0.014717
244	0.686701
245	0.844568
246	0.129647
247	0.059656
248	0.013072
249	0.391159
250	0.865676
251	0.015057
252	0.924289
253	0.886719
254	0.662069
255	0.654911
256	0.076340
257	0.092977
258	0.003252
259	0.526670
260	0.789756
261	0.654019
262	0.545893
263	0.798389
264	0.726753
265	0.253315
266	0.255246
267	0.138354
268	0.482949
269	0.467587
270	0.100876
271	0.504214
272	0.858395
273	0.010048
274	0.821570
275	0.964318
276	0.019459
277	0.929619
278	0.063080
279	0.037962
280	0.190257
281	0.276666
282	0.447314
283	0.649382
284	0.151123
285	0.487155
286	0.649658
287	0.534280
288	0.356802
289	0.394116
290	0.721992
291	0.724702
292	0.306141
293	0.106581
294	0.910780
295	0.740914
296	0.239058
297	0.651344
298	0.368411
299	0.026181
300	0.849258
301	0.041816
302	0.056121
303	0.426039
304	0.479733
305	0.501694
306	0.980527
307	0.607505
308	0.912656
309	0.750416
310	0.713813
311	0.971132
312	0.029212
313	0.264289
314	0.018311
315	0.080676
316	0.154636
317	0.114352
318	0.756538
319	0.938249
320	0.128804
321	0.592612
322	0.122524
323	0.599178
324	0.065873
325	0.256026
326	0.412451
327	0.948387
328	0.353495
329	0.016996
330	0.973425
331	0.762359
332	0.861975
333	0.405130
334	0.867867
335	0.036761
336	0.208479
337	0.423333
338	0.984823
339	0.564353
340	0.576262
341	0.468223
342	0.464160
343	0.761121
344	0.302084
345	0.417257
346	0.098524
347	0.136846
348	0.698138
349	0.180448
350	0.893077
351	0.730879
352	0.302287
353	0.141218
354	0.824100
355	0.442203
356	0.590112
357	0.977622
358	0.502689
359	0.897659
360	0.724808
361	0.261282
362	0.455035
363	0.261958
364	0.960489
365	0.016931
366	0.940439
367	0.901961
368	0.097871
369	0.521122
370	0.084702
371	0.795402
372	0.868910
373	0.095782
374	0.880272
375	0.006006
376	0.202012
377	0.472639
378	0.644231
379	0.933968
380	0.098426
381	0.570898
382	0.507583
383	0.659436
384	0.892915
385	0.735755
386	0.689250
387	0.809339
388	0.240409
389	0.763515
390	0.768728
391	0.542360
392	0.481051
393	0.414380
394	0.073568
395	0.526698
396	0.507623
397	0.751598
398	0.131093
399	0.009376
400	0.763973
401	0.101193
402	0.965288
403	0.089244
404	0.115920
405	0.896274
406	0.745245
407	0.218530
408	0.585460
409	0.240793
410	0.884460
411	0.396093
412	0.056503
413	0.927216
414	0.452420
415	0.870782
416	0.230231
417	0.488962
418	0.571254
419	0.852889
420	0.218364
421	0.920511
422	0.038626
423	0.408390
424	0.053819
425	0.105162
426	0.529782
427	0.572954
428	0.114494
429	0.042568
430	0.500902
431	0.724749
432	0.494231
433	0.346086
434	0.035075
435	0.366505
436	0.915601
437	0.504929
438	0.861768
439	0.923538
440	0.015347
441	0.289962
442	0.239358
443	0.716462
444	0.101573
445	0.777378
446	0.244662
447	0.431663
448	0.591599
449	0.514516
450	0.768635
451	0.721587
452	0.803579
453	0.740518
454	0.506180
455	0.818314
456	0.059264
457	0.575870
458	0.861748
459	0.551174
460	0.828654
461	0.124058
462	0.710174
463	0.001572
464	0.031797
465	0.291344
466	0.671436
467	0.300237
468	0.433837
469	0.273296
470	0.124291
471	0.134329
472	0.104943
473	0.416033
474	0.820584
475	0.260122
476	0.148330
477	0.013878
478	0.221272
479	0.352915
480	0.761930
481	0.421203
482	0.686691
483	0.526691
484	0.329879
485	0.143644
486	0.375358
487	0.744665
488	0.729884
489	0.731954
490	0.173760
491	0.556697
492	0.685514
493	0.870456
494	0.558393
495	0.344739
496	0.535651
497	0.962264
498	0.923171
499	0.752715
500	0.686961
501	0.336166
502	0.360733
503	0.707908
504	0.662554
505	0.397451
506	0.013741
507	0.407951
508	0.667512
509	0.219446
510	0.088817
511	0.617571
512	0.019182
513	0.217242
514	0.206055
515	0.374485
516	0.399823
517	0.293948
518	0.524278
519	0.792152
520	0.397100
521	0.727059
522	0.697282
523	0.631985
524	0.123042
525	0.733361
526	0.168706
527	0.028108
528	0.216490
529	0.170799
530	0.170083
531	0.528646
532	0.312893
533	0.901156
534	0.443719
535	0.079153
536	0.136992
537	0.535290
538	0.642834
539	0.842087
540	0.969753
541	0.340412
542	0.367711
543	0.712868
544	0.045647
545	0.124773
546	0.258288
547	0.965184
548	0.837492
549	0.687851
550	0.688702
551	0.808773
552	0.524610
553	0.583177
554	0.683919
555	0.460254
556	0.759754
557	0.276283
558	0.316928
559	0.065967
560	0.148406
561	0.472621
562	0.239584
563	0.944774
564	0.330580
565	0.260945
566	0.171349
567	0.873876
568	0.863814
569	0.478475
570	0.216758
571	0.772772
572	0.102704
573	0.207741
574	0.230993
575	0.166173
576	0.265020
577	0.804494
578	0.108500
579	0.258255
580	0.879562
581	0.215200
582	0.665078
583	0.625837
584	0.792525
585	0.345951
586	0.630425
587	0.250514
588	0.035976
589	0.806997
590	0.405085
591	0.438404
592	0.756344
593	0.784341
594	0.480335
595	0.715900
596	0.387701
597	0.028168
598	0.417493
599	0.900804
600	0.612354
601	0.834165
602	0.757822
603	0.606587
604	0.861440
605	0.405708
606	0.237630
607	0.584804
608	0.105243
609	0.490458
610	0.845010
611	0.704126
612	0.104651
613	0.692993
614	0.033096
615	0.426893
616	0.732294
617	0.275132
618	0.335741
619	0.314019
620	0.218391
621	0.607551
622	0.579483
623	0.070587
624	0.479340
625	0.160880
626	0.292917
627	0.657304
628	0.996661
629	0.092966
630	0.051626
631	0.022452
632	0.933532
633	0.063295
634	0.712304
635	0.556107
636	0.412148
637	0.988242
638	0.460360
639	0.699764
640	0.687137
641	0.535025
642	0.576024
643	0.542324
644	0.600958
645	0.371753
646	0.897791
647	0.245560
648	0.412392
649	0.570197
650	0.290063
651	0.832116
652	0.267869
653	0.261940
654	0.493320
655	0.065951
656	0.109539
657	0.233001
658	0.617532
659	0.703576
660	0.258866
661	0.803192
662	0.128187
663	0.404914
664	0.808443
665	0.161266
666	0.443031
667	0.690954
668	0.029097
669	0.542918
670	0.508058
671	0.913377
672	0.438810
673	0.863972
674	0.833358
675	0.665999
676	0.872171
677	0.914567
678	0.151167
679	0.092266
680	0.674812
681	0.131121
682	0.895940
683	0.315506
684	0.070578
685	0.581422
686	0.213810
687	0.693284
688	0.306999
689	0.804998
690	0.878733
691	0.743849
692	0.577276
693	0.867274
694	0.845470
695	0.646554
696	0.097727
697	0.623799
698	0.803995
699	0.930262
700	0.444886
701	0.102613
702	0.942635
703	0.850835
704	0.135853
705	0.841756
706	0.683185
707	0.552864
708	0.981669
709	0.348773
710	0.753355
711	0.209897
712	0.422319
713	0.854310
714	0.021409
715	0.254909
716	0.532371
717	0.627505
718	0.773860
719	0.627729
720	0.790272
721	0.112535
722	0.887194
723	0.773443
724	0.857243
725	0.479736
726	0.774054
727	0.285605
728	0.291724
729	0.197939
730	0.297004
731	0.476542
732	0.313978
733	0.404809
734	0.590476
735	0.415645
736	0.867308
737	0.046935
738	0.043811
739	0.762543
740	0.434994
741	0.490307
742	0.533305
743	0.958349
744	0.456499
745	0.963680
746	0.385154
747	0.463136
748	0.036460
749	0.332576
750	0.868259
751	0.945686
752	0.702766
753	0.240648
754	0.198498
755	0.861911
756	0.695628
757	0.169366
758	0.854752
759	0.186674
760	0.061407
761	0.918223
762	0.310355
763	0.190960
764	0.289511
765	0.998560
766	0.248398
767	0.848987
768	0.427422
769	0.457750
770	0.710492
771	0.500323
772	0.300612
773	0.340710
774	0.009002
775	0.827981
776	0.366578
777	0.876902
778	0.273700
779	0.608564
780	0.764369
781	0.218197
782	0.194412
783	0.373621
784	0.654893
785	0.201899
786	0.428968
787	0.437495
788	0.058197
789	0.870058
790	0.666101
791	0.306156
792	0.110096
793	0.927995
794	0.939546
795	0.410016
796	0.213394
797	0.699112
798	0.284144
799	0.292981
800	0.633189
801	0.547851
802	0.587271
803	0.747304
804	0.068948
805	0.956784
806	0.727227
807	0.081987
808	0.969032
809	0.106800
810	0.090641
811	0.440025
812	0.380172
813	0.711056
814	0.937598
815	0.290783
816	0.941990
817	0.174689
818	0.028523
819	0.387987
820	0.945305
821	0.714289
822	0.461379
823	0.336545
824	0.825957
825	0.585883
826	0.890016
827	0.703631
828	0.919677
829	0.890181
830	0.631414
831	0.357848
832	0.067659
833	0.792193
834	0.625854
835	0.456972
836	0.749714
837	0.292908
838	0.622832
839	0.527660
840	0.797972
841	0.697903
842	0.237892
843	0.203092
844	0.578003
845	0.556564
846	0.900761
847	0.985825
848	0.438034
849	0.401726
850	0.010569
851	0.477996
852	0.545855
853	0.049270
854	0.475154
855	0.729667
856	0.235276
857	0.357432
858	0.961916
859	0.074642
860	0.151216
861	0.173880
862	0.679416
863	0.192994
864	0.749040
865	0.083079
866	0.971513
867	0.318164
868	0.707502
869	0.516010
870	0.897557
871	0.916574
872	0.146312
873	0.698158
874	0.828978
875	0.747776
876	0.992856
877	0.830125
878	0.778833
879	0.667334
880	0.665123
881	0.248648
882	0.138917
883	0.582616
884	0.379540
885	0.175742
886	0.999364
887	0.598802
888	0.756520
889	0.991894
890	0.616913
891	0.099701
892	0.089603
893	0.868316
894	0.556957
895	0.561984
896	0.225576
897	0.556367
898	0.816021
899	0.584443
900	0.735675
901	0.293196
902	0.918379
903	0.473664
904	0.157721
905	0.165792
906	0.734353
907	0.827632
908	0.974665
909	0.046047
910	0.077588
911	0.728267
912	0.538749
913	0.922804
914	0.071733
915	0.237515
916	0.927368
917	0.309434
918	0.728931
919	0.999725
920	0.255177
921	0.484168
922	0.127023
923	0.511578
924	0.998390
925	0.852830
926	0.311062
927	0.421436
928	0.596208
929	0.327819
930	0.457622
931	0.469884
932	0.868525
933	0.552036
934	0.635386
935	0.055217
936	0.469349
937	0.211341
938	0.458750
939	0.090265
940	0.725661
941	0.864116
942	0.177029
943	0.764288
944	0.288849
945	0.352192
946	0.962524
947	0.005410
948	0.250467
949	0.265178
950	0.876898
951	0.090646
952	0.899379
953	0.321905
954	0.805478
955	0.722877
956	0.479585
957	0.260901
958	0.480124
959	0.503812
960	0.957014
961	0.639628
962	0.068029
963	0.611262
964	0.431724
965	0.213500
966	0.019186
967	0.435767
968	0.905344
969	0.574822
970	0.350561
971	0.259245
972	0.301015
973	0.893831
974	0.039297
975	0.846019
976	0.056637
977	0.724551
978	0.018151
979	0.158967
980	0.097170
981	0.363671
982	0.559112
983	0.671062
984	0.316299
985	0.517762
986	0.819621
987	0.791155
988	0.843438
989	0.520703
990	0.561588
991	0.404120
992	0.773436
993	0.917080
994	0.666449
995	0.096645
996	0.831045
997	0.397558
998	0.017849
999	0.223899
Time is 0
Time is 10000
Time is 20000
Time is 30000
Time is 40000
Time is 50000
Time is 60000
Time is 70000
Time is 80000
Time is 90000
Time is 100000
Time is 110000
Time is 120000
Time is 130000
Time is 140000
Time is 150000
Time is 160000
Time is 170000
Time is 180000
Time is 190000
Time for calculations =    179.617359 sec
Time for I/O          =      0.009365 sec
Total execution time  =    179.626724 sec
